CNN RAW : 1

Test: 
[[53.700449131029096, 54.651675485008816, 50.32967032967033, 45.133937174792834, 50.2321083172147, 38.33116036505867, 44.245573518090836, 51.499788762146174, 58.306386418755054, 52.3703853136978], [53.77855887521968, 54.12257495590829, 50.21978021978022, 46.0204278280979, 49.69052224371373, 39.13205438629168, 43.84141647421093, 49.007182087029996, 58.670169765561845, 51.84587452087956], [53.44659246240968, 54.82804232804233, 49.16483516483517, 45.67354018115244, 49.439071566731144, 39.46731234866828, 44.3225558121632, 50.54921841994085, 58.2053354890865, 52.57212023401251], [52.91935168912322, 52.7336860670194, 51.934065934065934, 45.59645403738678, 50.71566731141199, 39.094803501583165, 42.76366435719785, 50.65483734685255, 58.73080032336298, 53.015937058704864], [54.05194297988674, 54.629629629629626, 50.30769230769231, 46.17460011562922, 49.38104448742747, 39.672192214565094, 44.51501154734411, 50.08449514152936, 57.47776879547292, 53.11680451886222], [54.24721734036321, 54.232804232804234, 48.65934065934066, 43.707843515128154, 49.20696324951644, 39.597690445148075, 44.64973056197075, 50.23236163920575, 58.670169765561845, 52.168650393383096], [52.86076938098028, 53.28483245149912, 49.27472527472528, 46.34804393910195, 49.361702127659576, 38.94579996274911, 44.34180138568129, 49.38741022391213, 58.10428455941795, 50.978414363526326], [53.95430579964851, 51.12433862433863, 51.16483516483517, 45.94334168433224, 50.154738878143135, 39.28105792512572, 43.32178598922248, 50.59146599070554, 58.407437348423606, 52.81420213839016], [53.837141183362625, 54.40917107583774, 49.34065934065934, 45.73135478897668, 48.684719535783366, 39.038927174520396, 42.76366435719785, 51.30967469370511, 58.34680679062247, 52.531773249949566], [54.071470415934385, 54.27689594356261, 48.92307692307692, 45.577182501445364, 49.148936170212764, 38.4429130191842, 41.78214010777521, 49.57752429235319, 59.27647534357316, 52.188823885414564], [53.388010154266745, 53.880070546737215, 52.24175824175824, 46.598573906340334, 49.22630560928433, 38.9085490780406, 43.72594303310239, 49.76763836079425, 59.033953112368636, 51.6844865846278], [54.071470415934385, 54.85008818342152, 48.59340659340659, 44.42089034496049, 49.439071566731144, 39.374185136897005, 42.263279445727484, 50.908322771440645, 58.589329021827, 52.14847690135162], [53.973833235696155, 54.739858906525576, 49.934065934065934, 45.307380998265565, 48.994197292069636, 38.77817098156081, 43.55273287143957, 51.05618926911703, 57.70008084074374, 52.3703853136978], [53.50517477055263, 52.91005291005291, 50.043956043956044, 45.55791096550395, 50.07736943907157, 39.11342894393742, 42.89838337182448, 49.97887621461766, 58.38722716248989, 51.66431309259633], [53.700449131029096, 52.623456790123456, 51.62637362637363, 45.61572557332819, 49.28433268858801, 38.55466567330974, 44.03387220939184, 50.253485424588085, 59.25626515763945, 53.56062134355457], [53.29037297402851, 54.03439153439153, 51.69230769230769, 45.42301021391405, 49.477756286266924, 39.11342894393742, 44.76520400307929, 50.7815800591466, 59.660468876313665, 52.93524309057898], [53.895723491505564, 54.60758377425044, 49.45054945054945, 45.654268645211026, 48.704061895551256, 39.765319426336376, 43.09083910700539, 51.499788762146174, 59.13500404203719, 53.379059915271334], [53.68092169498145, 53.483245149911816, 52.417582417582416, 45.09539410291, 49.26499032882012, 39.541814118085306, 42.590454195535024, 50.40135192226447, 58.06386418755053, 53.82287673996369], [53.114626049599686, 54.673721340388006, 49.84615384615385, 45.133937174792834, 48.85880077369439, 39.895697522816164, 44.57274826789838, 52.661596958174904, 58.629749393694425, 52.35021182166633], [53.60281195079086, 54.36507936507937, 50.59340659340659, 47.00327616111004, 49.24564796905222, 39.74669398398212, 42.80215550423403, 49.831009716941274, 59.01374292643492, 52.04760944119427]]
[53.65455966 53.92305996 50.28791209 45.58585469 49.42940039 39.18979326
 43.54214781 50.5016899  58.58326597 52.4783135 ]
[49.88011348 49.63285614 49.7668624  49.81592676 49.94111817 49.53727718
 49.28877837 49.67575095 49.59938922 49.32654386 49.84552886 49.46585204
 49.64068956 49.41366929 49.85092476 50.11737637 49.91821985 49.83624949
 49.97372431 49.82514336]
49.717599721696025
CNN RAW : 2

Test: 
[[65.31927357937903, 62.34567901234568, 57.78021978021978, 53.80612834842937, 59.40038684719536, 53.64127398025703, 59.565050038491144, 62.18842416561048, 68.61358124494745, 63.22372402662901], [65.61218512009373, 62.14726631393298, 57.86813186813187, 54.40354596261322, 59.787234042553195, 53.28739057552617, 58.60277136258661, 63.77270806928602, 69.21988682295877, 63.405285454912246], [65.90509666080844, 63.073192239858905, 58.175824175824175, 54.422817498554636, 59.40038684719536, 52.65412553548147, 58.69899923017706, 62.1461765948458, 68.73484236054972, 63.56667339116401], [65.49502050380785, 64.04320987654322, 57.91208791208791, 55.73328194257082, 60.0, 54.08828459675917, 57.37105465742879, 63.39247993240389, 68.20937752627324, 62.6790397417793], [65.70982230033196, 63.80070546737213, 58.7032967032967, 54.96242050491424, 60.40618955512573, 53.678524864965546, 59.795996920708234, 62.27291930713984, 67.946645109135, 64.37361307242284], [66.45186487014254, 63.888888888888886, 57.582417582417584, 54.538446714203126, 60.29013539651837, 54.125535481467686, 58.75673595073133, 62.67427122940431, 67.84559417946645, 63.122856566471654], [64.94825229447373, 62.12522045855379, 57.56043956043956, 55.656195798805165, 60.36750483558994, 54.87055317563792, 58.660508083140876, 62.082805238698775, 68.81568310428456, 62.94129513818842], [65.72934973637962, 64.10934744268077, 57.0989010989011, 55.0395066486799, 58.89748549323017, 54.758800521512384, 58.73749037721324, 62.42078580481623, 68.63379143088116, 62.739560217873716], [65.63171255614138, 61.75044091710758, 56.08791208791209, 54.519175178261705, 60.38684719535783, 54.01378282734215, 58.81447267128561, 62.18842416561048, 68.27000808407438, 63.3649384708493], [65.5145479398555, 61.24338624338624, 56.9010989010989, 54.48063210637888, 59.96131528046422, 53.8647792885081, 59.18013856812933, 62.125052809463455, 68.24979789814066, 63.284244502723425], [65.82698691661786, 63.22751322751323, 57.18681318681319, 54.750433609558684, 59.88394584139265, 52.952132613149566, 58.410315627405694, 62.71651880016899, 68.79547291835085, 63.0219891063143], [66.1784807654755, 63.073192239858905, 57.934065934065934, 54.26864521102332, 59.59381044487427, 54.42354255913578, 58.48729792147806, 60.51964512040558, 68.73484236054972, 63.1632035505346], [65.67076742823667, 62.698412698412696, 57.69230769230769, 54.94314896897283, 59.342359767891686, 52.26299124604209, 57.54426481909161, 62.10392902408112, 68.53274050121261, 62.84042767803107], [66.23706307361843, 63.82275132275132, 58.30769230769231, 54.96242050491424, 60.90909090909091, 53.808902961445334, 58.50654349499615, 62.06168145331643, 66.2085691188359, 62.86060117006254], [65.67076742823667, 62.67636684303351, 57.18681318681319, 53.99884370784351, 58.994197292069636, 54.032408269696404, 58.52578906851424, 62.69539501478665, 68.6944219886823, 62.19487593302401], [66.23706307361843, 62.80864197530864, 57.142857142857146, 55.193678936211214, 59.864603481624755, 53.04525982492084, 59.237875288683604, 62.61089987325729, 68.59337105901375, 62.96146863021989], [65.08494434680726, 61.81657848324515, 57.07692307692308, 54.249373675081905, 59.98065764023211, 54.814676848575154, 58.98768283294842, 62.44190959019856, 68.16895715440582, 62.31591688521283], [65.92462409685608, 62.12522045855379, 58.879120879120876, 54.49990364232029, 59.26499032882012, 54.3304153473645, 57.12086220169361, 62.10392902408112, 70.4122877930477, 61.75105910833165], [66.49091974223785, 62.87477954144621, 57.34065934065934, 54.519175178261705, 60.07736943907157, 55.22443658036878, 58.314087759815244, 62.040557667934095, 68.67421180274859, 62.84042767803107], [66.04178871314197, 61.485890652557316, 57.032967032967036, 53.902486028136444, 59.497098646034814, 53.21288880610914, 58.73749037721324, 61.702577101816644, 68.65400161681488, 63.405285454912246]]
[65.78402656 62.75683422 57.57252747 54.64251301 59.81528046 53.8545353
 58.60277136 62.3130545  68.5004042  63.00282429]
[60.5883741  60.81064056 60.67781345 60.89238367 61.16501338 60.92767469
 60.80284577 60.81650188 60.50277142 60.48049935 60.67721218 60.63767261
 60.36313498 60.76853163 60.46698787 60.76957193 60.49376205 60.64124129
 60.83966247 60.36724744]
60.68447713672808
CNN RAW : 3

Test: 
[[70.31829720757665, 68.05555555555556, 62.175824175824175, 63.05646560030834, 69.55512572533848, 61.35220711491898, 60.026943802925324, 67.97634136037178, 70.85691188358933, 69.5582005245108], [71.1775043936731, 69.46649029982363, 63.05494505494506, 64.0585854692619, 69.80657640232108, 60.43956043956044, 60.411855273287145, 68.31432192648923, 70.29102667744543, 69.9011498890458], [70.47451669595782, 67.32804232804233, 62.81318681318681, 63.692426286375024, 70.63829787234043, 60.75619295958279, 60.2963818321786, 67.76510350654837, 70.4122877930477, 68.69074036715756], [71.04081234133959, 67.81305114638448, 60.68131868131868, 63.84659857390634, 69.3036750483559, 60.53268765133172, 60.10392609699769, 66.73003802281369, 70.5941794664511, 69.17490417591286], [70.18160515524312, 68.49647266313933, 61.8021978021978, 64.15494314896897, 70.01934235976789, 61.98547215496368, 60.35411855273287, 67.42712294043092, 71.26111560226354, 70.20375226951785], [70.47451669595782, 68.87125220458553, 62.08791208791209, 63.63461167855078, 69.82591876208897, 61.65021419258707, 61.50885296381832, 67.2581326573722, 70.33144704931286, 69.4169860802905], [70.72837336457724, 67.9453262786596, 61.64835164835165, 63.518982462902294, 69.88394584139265, 61.87371950083814, 60.68129330254042, 68.01858893113646, 70.83670169765561, 69.98184385717168], [70.298769771529, 67.3941798941799, 62.35164835164835, 63.480439391019466, 69.36170212765957, 62.5256099832371, 61.04695919938414, 67.87072243346007, 70.29102667744543, 69.31611862013314], [70.82601054481546, 69.1358024691358, 62.1978021978022, 63.750240894199266, 69.94197292069633, 60.99832371018812, 60.60431100846805, 68.88466413181241, 70.73565076798707, 70.20375226951785], [70.84553798086311, 67.98941798941799, 61.75824175824176, 64.00077086143766, 69.45841392649903, 60.99832371018812, 60.85450346420323, 67.7228559357837, 70.12934518997575, 70.70808957030462], [70.68931849248193, 69.09171075837743, 61.23076923076923, 63.808055502023514, 69.41972920696325, 61.463959769044514, 60.873749037721325, 68.20870299957753, 70.89733225545675, 68.99334274762961], [70.78695567272017, 68.3641975308642, 62.043956043956044, 63.90441318173058, 70.19342359767892, 60.84932017135407, 60.411855273287145, 68.29319814110688, 71.13985448666128, 70.2440992535808], [71.37277875414958, 67.54850088183422, 62.747252747252745, 62.9986509924841, 70.17408123791103, 61.78059228906687, 60.91224018475751, 67.80735107731306, 71.34195634599838, 69.09421020778697], [70.8845928529584, 68.71693121693121, 62.24175824175824, 63.6538832144922, 69.67117988394584, 60.234680573663624, 61.1431870669746, 67.08914237431348, 70.9983831851253, 69.15473068388138], [70.61120874829135, 68.58465608465609, 62.1978021978022, 63.55752553478512, 69.26499032882012, 60.961072825479604, 60.7197844495766, 67.57498943810731, 70.6143896523848, 70.42566068186403], [71.64616285881664, 68.78306878306879, 62.175824175824175, 63.6538832144922, 69.40038684719536, 60.55131309368598, 60.56581986143187, 67.97634136037178, 71.16006467259498, 68.91264877950373], [71.21655926576841, 68.65079365079364, 62.7032967032967, 63.07573713624976, 68.99419729206963, 61.37083255727323, 61.70130869899923, 67.95521757498943, 70.16976556184316, 70.06253782529755], [71.21655926576841, 68.45238095238095, 63.0989010989011, 64.54037386779726, 70.11605415860735, 61.37083255727323, 60.392609699769054, 67.84959864807773, 70.10913500404203, 70.30461972967521], [70.45498925991018, 68.98148148148148, 61.23076923076923, 62.5939487377144, 69.34235976789168, 61.35220711491898, 61.62432640492687, 67.40599915504859, 70.85691188358933, 70.22392576154932], [70.57215387619605, 68.60670194003528, 61.89010989010989, 63.90441318173058, 69.88394584139265, 61.7247159620041, 60.06543494996151, 67.89184621884242, 71.07922392886015, 69.35646560419609]]
[70.79086116 68.41380071 62.10659341 63.64424745 69.71276596 61.23859192
 60.71497306 67.80101394 70.70533549 69.69638894]
[66.2931873  66.69220158 66.28671765 65.98211912 66.58861426 66.50598444
 66.51171269 66.39371764 66.72785309 66.44655004 66.467667   66.62312734
 66.57776147 66.37884693 66.45120799 66.48255136 66.59002463 66.7451065
 66.40669188 66.49750114]
66.4824572024425
CNN RAW : 4

Test: 
[[73.89181800429604, 73.56701940035273, 68.06593406593407, 67.52746193871651, 73.21083172147002, 64.38815421866269, 65.03079291762894, 71.46176594845797, 72.67582861762328, 74.52087956425257], [74.02851005662957, 72.88359788359789, 67.42857142857143, 68.3175949123145, 73.46228239845261, 63.99701992922332, 65.37721324095457, 71.0604140261935, 71.90784155214227, 74.56122654831552], [73.93087287639133, 73.0379188712522, 67.2967032967033, 67.58527654654075, 72.92069632495165, 63.82939094803501, 65.20400307929177, 71.98986058301648, 73.32255456750202, 74.4401855961267], [73.96992774848663, 73.34656084656085, 68.57142857142857, 66.73732896511852, 73.19148936170212, 65.54293164462656, 65.60816012317167, 71.9476130122518, 72.27162489894907, 74.54105305628404], [74.04803749267721, 72.59700176366843, 67.62637362637362, 66.50607053382154, 73.24951644100581, 65.5243062022723, 65.91608929946112, 71.86311787072243, 71.13985448666128, 75.32781924551139], [73.96992774848663, 73.32451499118166, 67.42857142857143, 66.66024282135287, 73.28820116054159, 64.64891041162228, 65.20400307929177, 71.92648922686945, 72.47372675828618, 74.66209400847286], [73.44268697520016, 72.61904761904762, 68.06593406593407, 65.88938138369627, 72.8046421663443, 65.54293164462656, 64.93456505003849, 72.64469792986904, 72.23120452708164, 75.1866048012911], [73.8332356961531, 72.97178130511463, 68.10989010989012, 66.89150125264983, 72.97872340425532, 65.9899422611287, 65.26173979984604, 71.67300380228137, 72.49393694421988, 74.92434940488198], [74.53622339386838, 72.50881834215167, 66.81318681318682, 67.73944883407208, 73.0174081237911, 64.83516483516483, 65.20400307929177, 71.65188001689903, 72.43330638641875, 74.0972362315917], [74.14567467291545, 73.39065255731923, 67.4065934065934, 67.02640200423974, 73.38491295938104, 63.66176196684671, 65.45419553502694, 71.90536544148712, 72.29183508488278, 74.68226750050434], [74.22378441710603, 73.12610229276896, 67.75824175824175, 67.35401811524379, 74.11992263056092, 64.55578319985099, 65.41570438799076, 71.60963244613434, 72.08973322554567, 74.11740972362315], [74.65338801015427, 73.87566137566138, 67.89010989010988, 67.35401811524379, 72.99806576402321, 64.90966660458186, 66.14703618167822, 72.64469792986904, 72.35246564268391, 74.17793019971757], [74.43858621363015, 73.69929453262786, 67.56043956043956, 66.75660050105994, 73.11411992263056, 65.59880797168933, 65.5504234026174, 71.98986058301648, 73.14066289409863, 74.66209400847286], [74.26283928920132, 72.15608465608466, 67.27472527472527, 68.0285218731933, 72.72727272727273, 64.31365244924567, 65.7813702848345, 71.79974651457542, 72.02910266774454, 75.08573734113375], [73.36457723100956, 72.39858906525573, 67.78021978021978, 66.5831566775872, 73.30754352030948, 65.33805177872975, 65.31947652040031, 71.79974651457542, 72.43330638641875, 74.6419205164414], [74.24331185315368, 73.32451499118166, 67.75824175824175, 67.56600501059934, 73.40425531914893, 65.33805177872975, 65.93533487297921, 71.50401351922264, 72.3322554567502, 74.35949162800081], [73.81370826010544, 73.30246913580247, 67.18681318681318, 67.75872037001349, 73.53965183752418, 65.20767368224995, 65.51193225558121, 70.91254752851711, 71.90784155214227, 75.12608432519669], [73.63796133567662, 73.39065255731923, 66.94505494505495, 66.94931586047407, 74.1779497098646, 65.37530266343826, 65.26173979984604, 72.60245035910435, 71.7461600646726, 74.33931813596934], [73.77465338801015, 72.8615520282187, 67.14285714285714, 67.08421661206398, 73.2301740812379, 64.8537902775191, 65.87759815242494, 71.29277566539923, 71.72594987873889, 74.96469638894493], [74.18472954501074, 73.2363315696649, 68.10989010989012, 66.73732896511852, 73.67504835589942, 63.90389271745204, 66.03156274056967, 70.27883396704689, 71.72594987873889, 75.34799273754287]]
[74.01972271 73.08090829 67.61098901 67.15263056 73.2901354  64.86775936
 65.50134719 71.72792564 72.23625707 74.68831955]
[70.43404864 70.3024272  70.35574627 70.57281182 70.3798187  70.35866816
 70.33616962 70.5128104  70.28366761 70.33496611 70.43703322 70.70030397
 70.65108896 70.34590531 70.2966588  70.57654762 70.42674421 70.44259054
 70.28082636 70.32315606]
70.41759947871985
